7089047437
7089040130
7089042698
7089046700
7089045435
7089045893
7089042363
7089042777
7089042023
7089048816
7089048081
7089042648
7089043339
7089044039
7089049532
7089046113
7089044981
7089043161
7089040757
7089047007
7089046507
7089042311
7089040760
7089040648
7089046360
7089047768
7089041806
7089049463
7089047312
7089041131
7089048384
7089044111
7089049420
7089044340
7089045364
7089041630
7089048431
7089049191
7089046469
7089049255
7089045136
7089041035
7089046375
7089048905
7089046380
7089048459
7089044705
7089040718
7089048664
7089049386
7089045055
7089045071
7089042877
7089042368
7089040386
7089041343
7089044056
7089045219
7089046665
7089045666
7089042535
7089047974
7089048046
7089045214
7089047318
7089048868
7089045380
7089046558
7089048551
7089047641
7089042340
7089042436
7089040581
7089044044
7089045961
7089047629
7089047303
7089045210
7089049504
7089041934
7089044409
7089044984
7089043240
7089045325
7089045233
7089047749
7089049209
7089041276
7089044617
7089044821
7089046546
7089041269
7089046791
7089044159
7089048189
7089048112
7089044088
7089040796
7089045155
7089047910
7089044525
7089044410
7089044062
7089049880
7089047831
7089041637
7089048834
7089043273
7089046645
7089046821
7089048426
7089046702
7089040524
7089045142
7089043901
7089049704
7089046653
7089046291
7089046352
7089043319
7089044776
7089040166
7089041024
7089046458
7089041604
7089046185
7089040390
7089044074
7089047799
7089045806
7089042855
7089048677
7089047902
7089046253
7089047853
7089048265
7089042539
7089049995
7089045243
7089040673
7089044772
7089045182
7089049437
7089047950
7089043086
7089042090
7089041635
7089044737
7089042716
7089045449
7089046369
7089041753
7089048794
7089042251
7089046514
7089048575
7089044978
7089043752
7089046301
7089040778
7089046153
7089043797
7089044487
7089046519
7089044262
7089040882
7089042736
7089042406
7089046323
7089047391
7089045911
7089047535
7089040058
7089042405
7089045554
7089045486
7089044394
7089045092
7089048825
7089049371
7089042665
7089044008
7089047148
7089048889
7089047502
7089048903
7089043203
7089044513
7089046124
7089049969
7089042412
7089043642
7089040441
7089041550
7089048159
7089041666
7089045987
7089048165
7089044206
7089040144
7089046598
7089046052
7089040240
7089043669
7089043780
7089049434
7089049107
7089040606
7089044709
7089047378
7089042093
7089048056
7089044071
7089042276
7089047076
7089049215
7089047467
7089044844
7089049765
7089048692
7089043796
7089044558
7089047128
7089040457
7089040681
7089045773
7089043804
7089048182
7089043344
7089044962
7089044896
7089040840
7089042501
7089043012
7089043007
7089040552
7089046417
7089047020
7089040564
7089049336
7089047353
7089044782
7089047967
7089045255
7089049716
7089040163
7089040069
7089048758
7089048224
7089043972
7089046773
7089047040
7089049022
7089047510
7089045165
7089045980
7089043432
7089045885
7089045388
7089042747
7089049884
7089040158
7089046032
7089046943
7089047653
7089046084
7089045370
7089045599
7089040746
7089045615
7089047929
7089044636
7089049678
7089043133
7089046105
7089040261
7089048804
7089045559
7089049335
7089042932
7089045125
7089042323
7089042407
7089040805
7089048125
7089041619
7089047812
7089040289
7089043026
7089041602
7089045832
7089047539
7089042513
7089042343
7089042507
7089040122
7089041641
7089048177
7089048942
7089048005
7089045839
7089043265
7089043155
7089045927
7089046407
7089043992
7089048985
7089043393
7089040932
7089047205
7089048729
7089049677
7089043570
7089043388
7089041449
7089045287
7089045724
7089043903
7089042061
7089040360
7089045803
7089044207
7089044707
7089043904
7089049813
7089042344
7089042891
7089046574
7089049551
7089049501
7089043592
7089049013
7089045731
7089040800
7089047904
7089044683
7089044038
7089042141
7089046793
7089046102
7089046602
7089041392
7089047771
7089049177
7089042469
7089043551
7089041555
7089040373
7089047054
7089046346
7089049557
7089048637
7089041151
7089041317
7089042328
7089040012
7089040356
7089047305
7089046082
7089048747
7089048989
7089046242
7089049204
7089044567
7089044127
7089049843
7089048681
7089046083
7089049792
7089041348
7089043122
7089046922
7089048491
7089044603
7089046175
7089041455
7089044113
7089048017
7089042288
7089046768
7089041033
7089045575
7089046362
7089046759
7089045290
7089045296
7089047836
7089048521
7089048779
7089046401
7089045627
7089040655
7089041380
7089047724
7089049287
7089046438
7089045412
7089043598
7089042753
7089042885
7089043818
7089046930
7089041069
7089043410
7089041062
7089040729
7089045175
7089044093
7089045114
7089048424
7089043335
7089041088
7089046476
7089046487
7089049229
7089044418
7089044393
7089049762
7089047760
7089048169
7089046117
7089046620
7089040364
7089043875
7089046348
7089046014
7089046357
7089045687
7089044983
7089047785
7089043674
7089048360
7089047642
7089045181
7089042416
7089041381
7089045345
7089044296
7089042718
7089046266
7089048668
7089049257
7089045548
7089046678
7089040116
7089049644
7089041974
7089040224
7089044061
7089047580
7089046388
7089046344
7089047501
7089046439
7089049397
7089043974
7089045610
7089045497
7089040991
7089042167
7089043614
7089044040
7089049817
7089048442
7089049761
7089049561
7089046752
7089047491
7089043289
7089041621
7089048419
7089041191
7089040919
7089048946
7089049499
7089044769
7089043059
7089047873
7089046302
7089040424
7089043196
7089043156
7089043461
7089047304
7089040115
7089049044
7089045148
7089040075
7089042816
7089046365
7089045789
7089043132
7089042452
7089049833
7089047869
7089049510
7089045585
7089046326
7089046729
7089048485
7089041579
7089044172
7089049740
7089041799
7089045340
7089043101
7089040527
7089042395
7089042004
7089040990
7089042663
7089043858
7089043001
7089047671
7089045117
7089043627
7089045650
7089047138
7089049962
7089044412
7089049212
7089046358
7089047963
7089049614
7089044196
7089049103
7089044227
7089044214
7089042291
7089045467
7089042642
7089042526
7089048859
7089042903
7089041706
7089042232
7089042746
7089046897
7089046415
7089049753
7089046847
7089040896
7089046536
7089042314
7089042725
7089041864
7089045137
7089042609
7089045728
7089041201
7089047152
7089041584
7089040678
7089043365
7089048629
7089040857
7089042238
7089049613
7089043860
7089043965
7089049726
7089048663
7089043772
7089040701
7089043292
7089046875
7089044064
7089048616
7089043280
7089041310
7089041772
7089041100
7089046282
7089042374
7089046737
7089042279
7089044045
7089045795
7089047074
7089043114
7089043361
7089049533
7089040077
7089049592
7089040096
7089043173
7089045122
7089043714
7089042758
7089046337
7089047709
7089041379
7089048240
7089046553
7089042189
7089041763
7089044792
7089049200
7089044431
7089045202
7089040877
7089049892
7089047652
7089044685
7089047388
7089041195
7089040258
7089048257
7089048755
7089048226
7089048155
7089041484
7089045362
7089049928
7089044399
7089047162
7089047277
7089042898
7089043291
7089044528
7089048599
7089040558
7089047125
7089043182
7089045914
7089048351
7089044309
7089049849
7089044589
7089041431
7089043568
7089041776
7089042010
7089040481
7089045394
7089043918
7089041239
7089048319
7089047479
7089040322
7089044087
7089041888
7089043129
7089042798
7089041858
7089044146
7089040475
7089048400
7089041786
7089045675
7089043336
7089041433
7089043374
7089048888
7089044318
7089040155
7089043798
7089048687
7089047188
7089047402
7089047619
7089044496
7089049367
7089041683
7089042286
7089040252
7089041248
7089042901
7089042623
7089045051
7089042786
7089041554
7089047180
7089041415
7089044060
7089042810
7089047516
7089044715
7089040278
7089043014
7089047442
7089047107
7089041300
7089043071
7089048589
7089040313
7089046570
7089045346
7089042002
7089048219
7089041196
7089045309
7089045549
7089041626
7089045406
7089046893
7089046462
7089049796
7089043806
7089045162
7089046141
7089040636
7089047275
7089048129
7089049560
7089049339
7089047997
7089043385
7089046278
7089048715
7089049763
7089048609
7089048885
7089046591
7089049507
7089046914
7089042408
7089044815
7089042041
7089042730
7089045887
7089048748
7089048328
7089047777
7089040658
7089043100
7089047731
7089041189
7089042175
7089046593
7089043151
7089041162
7089048526
7089046156
7089042320
7089046055
7089041800
7089042001
7089042953
7089044215
7089041289
7089048680
7089042851
7089043711
7089042413
7089045540
7089046387
7089045714
7089043759
7089044738
7089049981
7089049492
7089049582
7089044547
7089049332
7089048243
7089043871
7089049638
7089040397
7089042377
7089049550
7089041378
7089042168
7089048277
7089041909
7089041034
7089043783
7089040871
7089046776
7089043444
7089047110
7089048345
7089048420
7089047797
7089045329
7089048815
7089049643
7089046581
7089043322
7089042336
7089047607
7089046820
7089043593
7089040547
7089046315
7089048484
7089049953
7089048015
7089043948
7089046370
7089047911
7089043039
7089043817
7089042986
7089045744
7089041853
7089042114
7089049454
7089048229
7089045341
7089049948
7089041127
7089043447
7089047214
7089046191
7089043931
7089047157
7089042280
7089044813
7089047990
7089045824
7089049520
7089049863
7089047473
7089044607
7089040188
7089043497
7089043770
7089044424
7089045967
7089040724
7089043478
7089046008
7089047283
7089046597
7089042038
7089041412
7089040297
7089044577
7089046447
7089042152
7089043646
7089047234
7089043277
7089042033
7089043105
7089045465
7089044334
7089043855
7089042681
7089044725
7089044861
7089048018
7089042701
7089047742
7089047194
7089048571
7089046441
7089043248
7089047934
7089045637
7089045622
7089042103
7089046338
7089045557
7089044835
7089040776
7089043739
7089048731
7089041338
7089045621
7089041311
7089043986
7089041889
7089044337
7089043666
7089043703
7089049151
7089048688
7089041255
7089047970
7089041098
7089040089
7089042265
7089045669
7089045254
7089042116
7089040569
7089042421
7089045247
7089047881
7089042740
7089047208
7089047078
7089045393
7089045594
7089040208
7089045461
7089043348
7089045934
7089041065
7089044611
7089040320
7089041208
7089045022
7089040199
7089042542
7089041373
7089049292
7089044362
7089049589
7089049469
7089048937
7089040987
7089049858
7089046757
7089041803
7089049711
7089040463
7089049622
7089049076
7089049084
7089046766
7089040749
7089048192
7089041871
7089042555
7089048786
7089044569
7089044746
7089042393
7089048567
7089040676
7089044094
7089049299
7089042791
7089041473
7089041972
7089047245
7089042055
7089044373
7089047225
7089043466
7089045070
7089043300
7089047953
7089049108
7089041419
7089047751
7089040518
7089042015
7089042069
7089049356
7089048014
7089043631
7089048702
7089044656
7089041421
7089048194
7089043130
7089043747
7089043578
7089041498
7089040081
7089046126
7089045417
7089042895
7089047361
7089048402
7089048509
7089040416
7089044470
7089048874
7089049897
7089046968
7089046633
7089049146
7089049407
7089046104
7089042444
7089047673
7089044359
7089040432
7089049987
7089049002
7089044460
7089046719
7089047594
7089047075
7089042158
7089044243
7089045459
7089041648
7089040290
7089049378
7089048479
7089048844
7089045766
7089040276
7089049116
7089043935
7089041267
7089043261
7089040969
7089048969
7089047458
7089044860
7089045399
7089040546
7089045628
7089046036
7089041684
7089045313
7089040831
7089045583
7089049979
7089044789
7089044581
7089048886
7089049489
7089048390
7089043835
7089049014
7089042089
7089049387
7089040649
7089043448
7089048460
7089043171
7089047023
7089048926
7089045526
7089041636
7089045437
7089041918
7089048536
7089044304
7089040245
7089048501
7089049005
7089045204
7089048757
7089040870
7089044763
7089044464
7089049811
7089041829
7089040336
7089046931
7089041529
7089044108
7089045327
7089044606
7089041980
7089040951
7089044261
7089040149
7089040079
7089045859
7089044423
7089041318
7089042261
7089040559
7089049064
7089047269
7089049248
7089046211
7089040028
7089042315
7089044544
7089040978
7089045065
7089040612
7089041895
7089044890
7089046068
7089040346
7089041739
7089044179
7089043347
7089042781
7089041900
7089047526
7089040195
7089042531
7089047028
7089045679
7089047993
7089047753
7089046204
7089043726
7089042933
7089043671
7089048391
7089048022
7089045428
7089048493
7089048809
7089046549
7089040706
7089042022
7089040259
7089042627
7089043545
7089044622
7089049534
7089048293
7089046738
7089048082
7089047136
7089049369
7089049331
7089048607
7089040721
7089049932
7089041910
7089047588
7089045690
7089044321
7089044195
7089042117
7089042219
7089044238
7089044829
7089044635
7089043896
7089047123
7089047602
7089048417
7089040024
7089049337
7089044623
7089049717
7089046784
7089048210
7089047258
7089047314
7089043521
7089049581
7089041284
7089046697
7089043821
7089046058
7089046775
7089043856
7089049188
7089042510
7089047721
7089049055
7089042899
7089044171
7089042225
7089042669
7089043485
7089045786
7089040624
7089042447
7089046927
7089042115
7089044468
7089041121
7089045802
7089044805
7089048880
7089040952
7089041227
7089046128
7089045252
7089045671
7089046569
7089046533
7089040341
7089048215
7089049700
7089044033
7089049485
7089042384
7089049898
7089043408
7089045298
7089041409
7089040097
7089042761
7089040389
7089048244
7089044888
7089045257
7089044897
7089044629
7089047410
7089040561
7089045087
7089041723
7089042621
7089043628
7089041903
7089044072
7089044540
7089049196
7089047118
7089049680
7089046425
7089048678
7089048311
7089042991
7089046969
7089044576
7089047031
7089047595
7089048675
7089045275
7089048630
7089046991
7089042428
7089046274
7089042053
7089040538
7089046189
7089040209
7089040905
7089046547
7089043812
7089046523
7089047244
7089043006
7089049079
7089048649
7089045649
7089043183
7089041760
7089042913
7089043235
7089046754
7089045454
7089047506
7089044632
7089044430
7089042009
7089046161
7089043174
7089048312
7089048628
7089041266
7089044729
7089043617
7089049359
7089046061
7089047193
7089042305
7089045499
7089043324
7089041522
7089048849
7089048552
7089045710
7089047975
7089047288
7089043037
7089046541
7089043539
7089044533
7089043225
7089042509
7089046345
7089040371
7089044401
7089049653
7089043590
7089041559
7089043523
7089042030
7089041655
7089040719
7089042273
7089043782
7089045379
7089042370
7089040187
7089045389
7089049447
7089049090
7089048191
7089046402
7089043755
7089043108
7089042162
7089040255
7089043987
7089043976
7089048344
7089040485
7089043556
7089046075
7089045923
7089044760
7089043368
7089049345
7089045720
7089044941
7089048301
7089049911
7089047988
7089041147
7089044657
7089047463
7089048026
7089041410
7089049001
7089041624
7089041878
7089044239
7089044434
7089049985
7089049698
7089042612
7089042045
7089040984
7089044478
7089046311
7089042220
7089043657
7089046853
7089046063
7089043949
7089040027
7089047426
7089049919
7089040338
7089049224
7089049917
7089046485
7089040828
7089040118
7089041917
7089047718
7089044096
7089049473
7089044695
7089045369
7089044668
7089043543
7089044886
7089045414
7089048980
7089049218
7089047845
7089048602
7089042700
7089046688
7089047369
7089047532
7089041366
7089040038
7089043428
7089045408
7089049750
7089043546
7089046529
7089047599
7089048447
7089046281
7089049810
7089042031
7089047767
7089041939
7089040691
7089048624
7089041096
7089047332
7089046125
7089048690
7089047720
7089048564
7089049861
7089043744
7089044952
7089048454
7089047375
7089040128
7089041942
7089043930
7089045376
7089040645
7089045990
7089045266
7089043045
7089043397
7089046965
7089041450
7089042789
7089047576
7089047523
7089040417
7089042921
7089043667
7089043249
7089040740
7089043150
7089044565
7089043654
7089046121
7089046477
7089041766
7089042573
7089044697
7089043419
7089043945
7089047252
7089046079
7089042961
7089043453
7089048593
7089040415
7089040136
7089047644
7089041061
7089043503
7089044698
7089044223
7089041043
7089041508
7089042228
7089042980
7089049905
7089041992
7089041490
7089049247
7089042688
7089043417
7089040976
7089045964
7089042475
7089045120
7089045084
7089043823
7089045154
7089049117
7089044649
7089041600
7089041374
7089044255
7089047717
7089041095
7089047947
7089041326
7089044701
7089044801
7089043384
7089049512
7089044515
7089041198
7089048777
7089040477
7089042560
7089041696
7089046988
7089049422
7089042735
7089044998
7089043884
7089041231
7089049760
7089047860
7089048502
7089048337
7089047153
7089048073
7089042319
7089046131
7089045645
7089047543
7089044937
7089042269
7089040422
7089045052
7089040604
7089049461
7089048601
7089043971
7089049755
7089046872
7089045539
7089043018
7089043951
7089041375
7089048727
7089043565
7089042854
7089043127
7089044048
7089041129
7089047176
7089040642
7089043873
7089049077
7089048873
7089044053
7089045751
7089049958
7089040948
7089049494
7089041444
7089046902
7089047385
7089044354
7089044852
7089048647
7089044092
7089049333
7089041685
7089045472
7089040627
7089046327
7089049280
7089044950
7089041976
7089041245
7089047807
7089049615
7089047212
7089049656
7089046445
7089042201
7089042080
7089049217
7089046470
7089045662
7089041050
7089043445
7089042298
7089043106
7089046746
7089041837
7089048639
7089041676
7089040105
7089040893
7089040654
7089047675
7089042551
7089045424
7089041273
7089042133
7089047744
7089046331
7089043907
7089047819
7089045398
7089042481
7089047877
7089042594
7089047844
7089042841
7089045805
7089041576
7089044714
7089046201
7089049219
7089041574
7089043117
7089040060
7089045032
7089049383
7089041192
7089045579
7089044258
7089042389
7089042229
7089045159
7089044067
7089049307
7089048150
7089046957
7089043738
7089041643
7089048775
7089044710
7089049308
7089043142
7089046862
7089040035
7089048832
7089043601
7089049304
7089042095
7089040714
7089048476
7089047942
7089042345
7089041994
7089044802
7089048960
7089042494
7089041831
7089046205
7089045239
7089043848
7089049423
7089045199
7089047759
7089048475
7089047893
7089043232
7089041729
7089048237
7089049341
7089047221
7089044727
7089041783
7089044935
7089046504
7089041418
7089049216
7089044212
7089043830
7089048626
7089044027
7089049081
7089040662
7089048202
7089043177
7089040037
7089049018
7089046252
7089040326
7089043779
7089048393
7089046410
7089048997
7089045663
7089042571
7089049941
7089048614
7089047364
7089048694
7089044433
7089049412
7089046044
7089043606
7089048652
7089042636
7089045299
7089043819
7089043800
7089046634
7089042438
7089048338
7089047830
7089048055
7089042476
7089042876
7089047287
7089041748
7089043170
7089046016
7089041639
7089043131
7089042919
7089041784
7089044491
7089044232
7089047072
7089047492
7089041961
7089049329
7089043609
7089044862
7089049938
7089042638
7089049166
7089043767
7089041913
7089041156
7089043186
7089044355
7089044173
7089045415
7089043771
7089041868
7089042818
7089041004
7089043938
7089043031
7089041754
7089049650
7089041627
7089043053
7089045992
7089047480
7089040824
7089045356
7089043202
7089043723
7089046136
7089041774
7089049776
7089048036
7089045029
7089042365
7089045860
7089048231
7089043499
7089041562
7089047858
7089042563
7089046760
7089042605
7089047700
7089040429
7089047431
7089040780
7089042295
7089043085
7089041417
7089046805
7089046489
7089048334
7089047689
7089047433
7089044878
7089042668
7089042914
7089048857
7089049555
7089048074
7089044328
7089040467
7089042858
7089041534
7089044305
7089043889
7089044012
7089047647
7089048304
7089042759
7089044139
7089047055
7089047019
7089042610
7089041435
7089046835
7089045129
7089045865
7089040487
7089049846
7089048457
7089048041
7089045248
7089040378
7089041154
7089048298
7089047187
7089041566
7089045966
7089048234
7089040110
7089043962
7089043584
7089044869
7089043728
7089045668
7089041725
7089049935
7089049912
7089049764
7089042832
7089042289
7089041798
7089048354
7089049908
7089049424
7089045950
7089044517
7089046258
7089044346
7089044169
7089047468
7089042440
7089043831
7089045808
7089040603
7089049120
7089049803
7089046288
7089045360
7089044495
7089047090
7089049829
7089043682
7089044109
7089048790
7089042120
7089048563
7089044975
7089047224
7089041439
7089047419
7089042590
7089046756
7089042231
7089048613
7089042366
7089041932
7089042635
7089049153
7089042939
7089047083
7089045157
7089044225
7089047173
7089041892
7089048080
7089044228
7089041146
7089045492
7089043602
7089043582
7089045226
7089046453
7089046530
7089040562
7089048186
7089049982
7089042415
7089048855
7089049994
7089045718
7089043764
7089047470
7089045829
7089045894
7089046755
7089048009
7089040557
7089045079
7089047606
7089049784
7089046900
7089043989
7089049008
7089040036
7089041263
7089041345
7089049133
7089041601
7089043785
7089047864
7089043484
7089042702
7089041567
7089042135
7089044151
7089045293
7089042297
7089046998
7089049225
7089046703
7089047465
7089049293
7089040162
7089048268
7089040966
7089043363
7089042805
7089041297
7089040451
7089047390
7089044216
7089048178
7089047613
7089043439
7089049781
7089049313
7089040977
7089048271
7089040235
7089041487
7089043883
7089041117
7089049570
7089042375
7089049100
7089049126
7089044382
7089040220
7089040707
7089044690
7089040483
7089044556
7089041537
7089041598
7089042569
7089046656
7089049181
7089049311
7089041357
7089043777
7089042490
7089044332
7089046560
7089047688
7089045418
7089044443
7089042731
7089048577
7089049774
7089040772
7089045787
7089045121
7089045096
7089043851
7089047778
7089048878
7089048883
7089046015
7089047496
7089042632
7089049295
7089045938
7089041155
7089046409
7089048693
7089049773
7089045896
7089040068
7089045577
7089042925
7089041256
7089042850
7089047226
7089042521
7089044429
7089045060
7089043048
7089046635
7089048114
7089048031
7089048175
7089048894
7089043153
7089042006
7089047682
7089041727
7089045598
7089046419
7089049214
7089046182
7089043693
7089049961
7089049416
7089048646
7089046527
7089048290
7089046823
7089043862
7089044116
7089041743
7089046306
7089044338
7089048075
7089049227
7089046009
7089040503
7089046628
7089042849
7089043967
7089042493
7089042543
7089045794
7089043241
7089042936
7089042353
7089044024
7089049508
7089045518
7089049756
7089044145
7089043662
7089040512
7089049390
7089045487
7089049389
7089048657
7089041531
7089046452
7089045759
7089042496
7089048549
7089044976
7089048917
7089048151
7089043218
7089041330
7089049685
7089042277
7089049605
7089048077
7089041825
7089049189
7089046073
7089042439
7089048272
7089043656
7089044931
7089046714
7089042498
7089048525
7089047340
7089043516
7089045917
7089040613
7089044624
7089040734
7089040949
7089046091
7089048566
7089047281
7089042492
7089042262
7089047349
7089041596
7089042278
7089047044
7089040408
7089044552
7089045473
7089045639
7089049176
7089047356
7089043406
7089041139
7089045350
7089047856
7089043003
7089049549
7089046551
7089043236
7089048904
7089048120
7089045928
7089040148
7089049167
7089040403
7089040272
7089049825
7089042011
7089048545
7089046949
7089042102
7089047730
7089048443
7089042985
7089044799
7089047405
7089043827
7089048370
7089040123
7089042060
7089040072
7089042870
7089042557
7089044277
7089044837
7089048245
7089048168
7089040860
7089044301
7089045920
7089043271
7089045952
7089044696
7089044584
7089046834
7089048973
7089048569
7089048605
7089047625
7089046556
7089049043
7089047633
7089046482
7089048164
7089041078
7089046780
7089047729
7089045361
7089041968
7089041119
7089046921
7089041390
7089047427
7089045831
7089046112
7089044977
7089045884
7089046852
7089040445
7089046993
7089045218
7089043434
7089043024
7089043424
7089046811
7089040738
7089043725
7089042944
7089048199
7089044840
7089042588
7089046025
7089042582
7089042819
7089043836
7089043799
7089044665
7089045672
7089040023
7089044421
7089045490
7089043303
7089042466
7089046389
7089045793
7089041840
7089048659
7089043942
7089045555
7089041928
7089042128
7089040172
7089048550
7089047379
7089043681
7089048704
7089040739
7089042096
7089043405
7089047374
7089047144
7089046644
7089045858
7089047274
7089043255
7089040194
7089044408
7089042470
7089041329
7089049049
7089042183
7089040899
7089047971
7089047504
7089042351
7089044820
7089049936
7089049073
7089040275
7089043847
7089048405
7089048877
7089040491
7089041724
7089045383
7089044557
7089049752
7089040593
7089047571
7089040327
7089040482
7089049074
7089045667
7089044618
7089042157
7089043586
7089044988
7089046309
7089045368
7089046999
7089045422
7089044419
7089044718
7089048554
7089048860
7089049184
7089046854
7089040185
7089049663
7089045544
7089041077
7089048922
7089048592
7089045609
7089045348
7089040570
7089046520
7089046817
7089047596
7089040440
7089040699
7089040626
7089047456
7089046920
7089044489
7089044733
7089048011
7089048938
7089042156
7089045062
7089047667
7089042647
7089042524
7089041301
7089047183
7089042948
7089047711
7089044644
7089047279
7089042679
7089044731
7089041698
7089043833
7089047509
7089040094
7089043083
7089048612
7089048058
7089044755
7089045553
7089042419
7089040215
7089045263
7089044476
7089049602
7089046561
7089043441
7089042889
7089045103
7089047791
7089048116
7089043816
7089047121
7089042056
7089049078
7089040363
7089042699
7089044270
7089041454
7089042678
7089041813
7089045915
7089045869
7089041101
7089040834
7089044943
7089044506
7089045048
7089043456
7089041713
7089040765
7089042065
7089043859
7089044286
7089042281
7089044356
7089044519
7089049466
7089043069
7089042574
7089042237
7089041594
7089045377
7089046928
7089048750
7089044898
7089041346
7089045110
7089045240
7089043736
7089045229
7089045320
7089040548
7089040708
7089045978
7089041406
7089049654
7089048180
7089040132
7089044807
7089049236
7089048380
7089048627
7089041948
7089048830
7089045582
7089045067
7089047478
7089040384
7089042929
7089042143
7089048307
7089043341
7089049901
7089047017
7089045265
7089049178
7089049425
7089049734
7089049923
7089045942
7089042081
7089047327
7089048800
7089047474
7089044825
7089049822
7089047916
7089049358
7089044477
7089042401
7089048149
7089047976
7089047122
7089045665
7089042473
7089043583
7089046227
7089040227
7089041407
7089046721
7089044124
7089046946
7089046501
7089047704
7089043947
7089042905
7089043253
7089044462
7089043899
7089040054
7089049439
7089043600
7089043244
7089047895
7089045440
7089044294
7089047654
7089041510
7089044919
7089046861
7089049061
7089047093
7089047628
7089049091
7089044872
7089047105
7089044771
7089042920
7089048999
7089048770
7089041226
7089044306
7089043270
7089046093
7089044123
7089047297
7089044906
7089040653
7089040709
7089049871
7089040925
7089047352
7089042339
7089044819
7089042868
7089043911
7089046065
7089040847
7089040863
7089048584
7089045715
7089040056
7089045737
7089043211
7089046078
7089046312
7089046740
7089046742
7089048255
7089046890
7089042813
7089047308
7089045223
7089046901
7089044845
7089045336
7089044456
7089044925
7089043802
7089046867
7089049007
7089047795
7089044378
7089046608
7089049766
7089041519
7089045746
7089047041
7089041382
7089045272
7089047280
7089049087
7089049709
7089043206
7089048376
7089049440
7089049707
7089048803
7089047167
7089046343
7089042196
7089040212
7089049998
7089044395
7089046413
7089042074
7089040025
7089044414
7089046218
7089042958
7089043262
7089046601
7089049804
7089040972
7089047880
7089045480
7089045756
7089047640
7089049759
7089046142
7089040310
7089047103
7089045732
7089044112
7089045971
7089046995
7089040565
7089044795
7089045217
7089040830
7089040372
7089045600
7089049628
7089040913
7089043323
7089041236
7089041695
7089042586
7089045643
7089040665
7089046246
7089045231
7089048207
7089048204
7089042800
7089048439
7089049048
7089040880
7089046260
7089040019
7089040979
7089045524
7089044021
7089046676
7089049213
7089041572
7089045274
7089045196
7089043508
7089040145
7089049929
7089040219
7089044620
7089040820
7089042304
7089048465
7089041628
7089047782
7089048241
7089043505
7089045726
7089048975
7089046960
7089047422
7089044948
7089047477
7089040879
7089041640
7089041606
7089047789
7089043493
7089042892
7089047627
7089044982
7089049841
7089042014
7089042633
7089044779
7089048464
7089042402
7089047692
7089046844
7089044004
7089044471
7089049083
7089043468
7089049972
7089049816
7089040265
7089040528
7089044001
7089040323
7089040623
7089047746
7089043457
7089048083
7089049758
7089044191
7089043890
7089044483
7089048994
7089041304
7089046924
7089044999
7089043745
7089048881
7089042119
7089041680
7089049682
7089049531
7089042214
7089042275
7089044730
7089048866
7089045304
7089043622
7089047499
7089045201
7089040928
7089041053
7089046176
7089041552
7089044951
7089042334
7089041059
7089046463
7089049410
7089044514
7089041213
7089043165
7089044650
7089043929
7089043534
7089040582
7089048580
7089049111
7089040641
7089041557
7089040717
7089049199
7089047399
7089040998
7089043373
7089049720
7089042829
7089046994
7089047134
7089048611
7089042500
7089048394
7089048705
7089048300
7089040140
7089045128
7089044010
7089046531
7089043691
7089045015
7089049575
7089043243
7089048412
7089049742
7089047222
7089044469
7089049231
7089046192
7089048585
7089041212
7089046179
7089044849
7089049312
7089049409
7089046259
7089046143
7089040186
7089043520
7089044817
7089043119
7089044298
7089048310
7089047887
7089047447
7089042283
7089047754
7089042497
7089042017
7089041056
7089041938
7089043394
7089041073
7089049027
7089048789
7089041461
7089042259
7089048413
7089046739
7089041352
7089047603
7089044785
7089040448
7089044686
7089040730
7089049381
7089048385
7089044924
7089044964
7089049253
7089040728
7089047071
7089042150
7089041705
7089041718
7089041225
7089041679
7089042092
7089048003
7089046130
7089040078
7089045999
7089045311
7089045611
7089047601
7089044736
7089045888
7089047266
7089049971
7089041340
7089041144
7089044969
7089042900
7089048213
7089043766
7089040549
7089040462
7089044814
7089042020
7089045727
7089049442
7089046460
7089045774
7089047570
7089046310
7089047264
7089042857
7089041228
7089047906
7089040514
7089042644
7089041497
7089041924
7089046384
7089046132
7089049127
7089043020
7089047787
7089045124
7089045532
7089041610
7089046340
7089044344
7089042083
7089040884
7089047257
7089043489
7089041570
7089045711
7089047081
7089044104
7089040695
7089045534
7089046171
7089048373
7089042847
7089049847
7089045396
7089046071
7089047454
7089042523
7089047331
7089041777
7089043392
7089044432
7089044114
7089042537
7089046244
7089046724
7089041788
7089046898
7089041456
7089046659
7089040308
7089049621
7089044136
7089049034
7089049719
7089047914
7089047094
7089045947
7089044157
7089046878
7089040226
7089049089
7089041651
7089046195
7089046398
7089044548
7089047965
7089040736
7089049088
7089043126
7089047511
7089047559
7089048896
7089048070
7089049701
7089041013
7089049289
7089049404
7089044588
7089046950
7089044788
7089045288
7089049913
7089046744
7089048458
7089049470
7089043781
7089040298
7089042884
7089044140
7089045960
7089042426
7089043072
7089049303
7089046057
7089041581
7089049128
7089046135
7089048392
7089049831
7089049744
7089047913
7089047702
7089045740
7089044498
7089048557
7089040833
7089047064
7089040367
7089042522
7089049137
7089047541
7089046237
7089040033
7089047408
7089040850
7089043188
7089047229
7089045566
7089045541
7089048996
7089046882
7089048891
7089042064
7089047197
7089040470
7089046041
7089048845
7089044874
7089045741
7089044452
7089041607
7089044531
7089047398
7089043140
7089041731
7089045525
7089048684
7089041472
7089048327
7089049864
7089047236
7089047140
7089042894
7089044551
7089040813
7089044132
7089046139
7089046045
7089040291
7089047065
7089048548
7089044259
7089044775
7089044723
7089049940
7089046173
7089040584
7089047646
7089047843
7089042070
7089044914
7089040362
7089042067
7089046341
7089041477
7089049062
7089046276
7089047832
7089048983
7089043506
7089041981
7089043574
7089046373
7089048084
7089049481
7089046639
7089043510
7089046607
7089040179
7089046248
7089049082
7089045614
7089049374
7089040578
7089047957
7089043231
7089046638
7089045140
7089041349
7089045875
7089049251
7089040782
7089040306
7089048957
7089045788
7089045778
7089041356
7089049338
7089049819
7089049695
7089042924
7089046505
7089042649
7089047822
7089041110
7089042764
7089049875
7089042934
7089046399
7089045049
7089049684
7089043396
7089043555
7089047697
7089041093
7089042962
7089041328
7089040348
7089042502
7089041209
7089047850
7089047876
7089047651
7089043677
7089043608
7089045026
7089048357
7089048034
7089040353
7089044764
7089045738
7089043138
7089046815
7089044833
7089041089
7089041175
7089044891
7089041982
7089042987
7089044155
7089045618
7089046271
7089048879
7089041286
7089040839
7089047015
7089044928
7089044075
7089048308
7089040238
7089046550
7089047666
7089046855
7089048140
7089047827
7089041749
7089049413
7089047685
7089046074
7089044572
7089045028
7089044137
7089045814
7089047809
7089045840
7089046942
7089043757
7089047636
7089044204
7089042529
7089044457
7089041185
7089048173
7089045109
7089043141
7089043566
7089041347
7089042911
7089049031
7089043894
7089044767
7089040902
7089040008
7089043645
7089040339
7089042544
7089043939
7089044467
7089042660
7089045538
7089041084
7089040632
7089045658
7089046257
7089044028
7089045453
7089047211
7089043685
7089046392
7089048713
7089045503
7089045811
7089045378
7089040947
7089048146
7089047443
7089049210
7089046981
7089040345
7089043181
7089042313
7089042108
7089046792
7089044947
7089046723
7089044122
7089046148
7089042836
7089040394
7089044474
7089041880
7089048144
7089046193
7089049642
7089049364
7089040556
7089048533
7089040843
7089044022
7089044892
7089046693
7089041023
7089047719
7089043740
7089049616
7089048100
7089047053
7089041662
7089044756
7089047036
7089046086
7089046433
7089044251
7089040120
7089045578
7089042766
7089045681
7089042748
7089047556
7089043429
7089046778
7089047574
7089041949
7089047593
7089042770
7089040697
7089043846
7089044162
7089047155
7089041536
7089047695
7089046003
7089049668
7089042242
7089042966
7089045678
7089041292
7089041527
7089049807
7089040815
7089042317
7089049997
7089046335
7089045425
7089043542
7089046480
7089042597
7089048227
7089042566
7089040668
7089041443
7089047698
7089044466
7089042211
7089049370
7089043103
7089046479
7089043926
7089047249
7089043678
7089045455
7089043673
7089040277
7089048596
7089049993
7089046819
7089048517
7089049464
7089046786
7089041325
7089042312
7089047564
7089049906
7089042459
7089042429
7089046753
7089040611
7089045547
7089044379
7089047531
7089040439
7089040741
7089045660
7089040522
7089044596
7089047577
7089047854
7089043104
7089040201
7089041438
7089041770
7089043765
7089041158
7089041458
7089040536
7089041178
7089044546
7089044100
7089046474
7089046042
7089046848
7089041750
7089049297
7089040927
7089043176
7089043413
7089041428
7089045160
7089046980
7089041012
7089048024
7089044959
7089047339
7089041771
7089048105
7089047813
7089040753
7089048126
7089042101
7089045384
7089041667
7089046421
7089041467
7089040506
7089041363
7089048296
7089042333
7089041230
7089048028
7089049165
7089041463
7089045077
7089042258
7089048043
7089042823
7089044361
7089046532
7089045812
7089041921
7089042465
7089044921
7089043683
7089047006
7089049604
7089043210
7089042382
7089048604
7089044927
7089042341
7089043049
7089043369
7089041960
7089047282
7089042745
7089048045
7089045522
7089049276
7089042541
7089048222
7089045861
7089048572
7089046577
7089041767
7089040592
7089045644
7089041393
7089045260
7089046497
7089040084
7089046903
7089041586
7089040288
7089046396
7089044822
7089045959
7089046092
7089048700
7089044926
7089048064
7089046019
7089041987
7089043940
7089041136
7089046508
7089046481
7089040985
7089046134
7089048819
7089043381
7089042973
7089046210
7089047935
7089045475
7089044654
7089049736
7089043995
7089041182
7089046364
7089040906
7089043395
7089040988
7089042982
7089046450
7089046557
7089047750
7089040965
7089041445
7089043034
7089047637
7089044339
7089045568
7089049838
7089047300
7089042902
7089047706
7089045308
7089048353
7089049262
7089043793
7089048147
7089049234
7089046524
7089044694
7089044841
7089045822
7089049647
7089043549
7089046418
7089045747
7089045901
7089044777
7089043668
7089047084
7089040670
7089042664
7089040954
7089040314
7089048543
7089048890
7089048673
7089049094
7089045034
7089043286
7089047645
7089043838
7089043718
7089041539
7089046010
7089041387
7089040393
7089044520
7089043991
7089045023
7089043137
7089043475
7089041929
7089049288
7089046390
7089043250
7089045842
7089044702
7089044600
7089049725
7089049873
7089046658
7089041485
7089043064
7089048759
7089049828
7089048532
7089042592
7089044648
7089047096
7089045698
7089041726
7089041883
7089049814
7089049268
7089041668
7089044539
7089046067
7089044170
7089044026
7089043698
7089045872
7089045333
7089048582
7089042723
7089047926
7089047518
7089049737
7089047336
7089045101
7089047239
7089044796
7089049315
7089045941
7089047333
7089047994
7089048152
7089046334
7089046947
7089040113
7089048375
7089049344
7089046006
7089046241
7089043729
7089046167
7089043954
7089041253
7089048136
7089044237
7089044126
7089048735
7089045782
7089045624
7089047160
7089045739
7089048020
7089048792
7089047350
7089043792
7089040942
7089049285
7089041793
7089041920
7089042815
7089041589
7089045232
7089046129
7089045576
7089044836
7089048828
7089043259
7089045281
7089046601
7089042028
7089041200
7089043619
7089046571
7089045003
7089043775
7089041588
7089044246
7089044838
7089047536
7089043062
7089049493
7089047968
7089042879
7089044242
7089048801
7089043621
7089045673
7089045322
7089046172
7089042950
7089046005
7089049154
7089043391
7089042941
7089041107
7089041583
7089049595
7089047124
7089043222
7089047557
7089048907
7089048574
7089042176
7089044922
7089042371
7089041010
7089046578
7089044875
7089047952
7089047780
7089045005
7089040484
7089047164
7089040983
7089043430
7089041432
7089046443
7089045616
7089040579
7089040620
7089044536
7089043953
7089049694
7089041423
7089048038
7089048732
7089043553
7089042434
7089040015
7089047735
7089040388
7089041097
7089043921
7089044631
7089046223
7089049738
7089040608
7089044524
7089046209
7089041665
7089042048
7089044745
7089044762
7089044042
7089049319
7089046298
7089044299
7089047739
7089046576
7089049612
7089046870
7089046621
7089049054
7089046240
7089046908
7089040903
7089044069
7089045625
7089045826
7089047949
7089042358
7089044972
7089041854
7089041808
7089041303
7089048102
7089040052
7089043495
7089040865
7089048530
7089042487
7089046107
7089045844
7089047137
7089045590
7089045469
7089044846
7089043226
7089041740
7089046349
7089046859
7089046554
7089041722
7089047292
7089047310
7089045653
7089047792
7089041563
7089049528
7089044936
7089048772
7089049351
7089047343
7089045791
7089043710
7089049999
7089045167
7089047508
7089045316
7089047449
7089044353
7089045004
7089044066
7089047837
7089040861
7089041790
7089044335
7089048603
7089040858
7089040726
7089048128
7089042886
7089046094
7089040525
7089041702
7089040101
7089048900
7089043795
7089043720
7089040216
7089049544
7089043679
7089043440
7089048947
7089045021
7089041568
7089044518
7089042834
7089042147
7089044574
7089040703
7089040996
7089041216
7089049772
7089042689
7089045251
7089041308
7089047814
7089043229
7089043595
7089041452
7089040909
7089046048
7089043526
7089044322
7089042762
7089048743
7089048522
7089043959
7089044594
7089048799
7089041708
7089042603
7089040742
7089048111
7089044706
7089042130
7089040283
7089045445
7089048955
7089042532
7089046320
7089041240
7089047129
7089040933
7089042008
7089045147
7089049488
7089047145
7089049518
7089043076
7089047793
7089045221
7089041135
7089043618
7089046247
7089042075
7089044966
7089047609
7089046414
7089045949
7089044824
7089049727
7089046592
7089041222
7089044482
7089046465
7089041533
7089045285
7089048156
7089042875
7089046987
7089041656
7089049362
7089041039
7089042132
7089047191
7089043470
7089041986
7089048933
7089049706
7089048625
7089048736
7089045801
7089041719
7089049113
7089040560
7089040551
7089044391
7089044016
7089040014
7089042100
7089045878
7089041177
7089045045
7089049024
7089045535
7089048066
7089047745
7089044974
7089042423
7089045890
7089041125
7089045302
7089046350
7089045848
7089041408
7089049395
7089049914
7089044445
7089043900
7089041824
7089048421
7089049915
7089049854
7089043184
7089040321
7089040892
7089041845
7089048691
7089049270
7089049159
7089047634
7089040211
7089042637
7089045837
7089042880
7089049032
7089049609
7089041372
7089041270
7089040926
7089040248
7089043216
7089040002
7089041280
7089044327
7089045042
7089048788
7089042613
7089045295
7089043299
7089042915
7089048534
7089047400
7089041370
7089041933
7089048425
7089049635
7089043973
7089042520
7089046884
7089044163
7089043212
7089041368
7089049916
7089048590
7089043294
7089044097
7089042192
7089042140
7089046502
7089040930
7089045629
7089047228
7089046945
7089049802
7089049596
7089041857
7089046912
7089043810
7089047086
7089044868
7089049239
7089049732
7089049427
7089045680
7089045476
7089049857
7089049291
7089048964
7089042620
7089047889
7089049138
7089047610
7089049241
7089045734
7089046713
7089047451
7089049514
7089041007
7089049250
7089042570
7089048372
7089048367
7089041063
7089045069
7089041652
7089044189
7089041066
7089046059
7089043308
7089042996
7089043576
7089041599
7089049046
7089042714
7089044420
7089043269
7089040318
7089047170
7089047186
7089041870
7089041413
7089048820
7089049361
7089047918
7089045851
7089044229
7089046284
7089045991
7089044041
7089045633
7089040855
7089040303
7089049036
7089049498
7089040727
7089049149
7089042454
7089047687
7089043786
7089043345
7089041164
7089047461
7089042287
7089043978
7089041543
7089040610
7089048282
7089042179
7089047255
7089044280
7089044585
7089049777
7089044655
7089040214
7089047808
7089041316
7089043604
7089045953
7089045993
7089049195
7089048683
7089049265
7089042000
7089043123
7089044783
7089041937
7089044463
7089043915
7089044970
7089044944
7089049433
7089048699
7089044019
7089049618
7089040048
7089048089
7089047981
7089047290
7089043897
7089049778
7089040846
7089045009
7089041773
7089041102
7089048979
7089047954
7089047951
7089041416
7089045513
7089041476
7089042200
7089049611
7089040801
7089042598
7089047355
7089044107
7089041898
7089044256
7089047586
7089042486
7089040845
7089046858
7089043213
7089048193
7089043077
7089043500
7089041990
7089047464
7089047489
7089041697
7089045620
7089046954
7089043562
7089041104
7089041168
7089040640
7089045638
7089042240
7089045444
7089048478
7089042656
7089046566
7089041111
7089046133
7089046454
7089048436
7089048283
7089043529
7089040535
7089048099
7089043936
7089042267
7089042388
7089043784
7089047686
7089049118
7089046709
7089048669
7089046264
7089046120
7089047042
7089048154
7089048388
7089041207
7089048814
7089042754
7089041264
7089048117
7089046829
7089040995
7089041782
7089045123
7089041398
7089048025
7089049271
7089043988
7089046066
7089044942
7089040675
7089045813
7089048101
7089044923
7089041068
7089040827
7089047828
7089048541
7089049696
7089040844
7089044453
7089040889
7089041804
7089043266
7089047444
7089046941
7089048242
7089047707
7089040391
7089047263
7089048988
7089049676
7089049659
7089045043
7089045886
7089046906
7089046631
7089047250
7089041955
7089049671
7089041234
7089047190
7089048725
7089040366
7089042581
7089041597
7089045166
7089042584
7089041333
7089043643
7089046188
7089041341
7089040910
7089047306
7089043063
7089043905
7089040410
7089047260
7089044254
7089044643
7089045185
7089040232
7089045551
7089042126
7089045143
7089044351
7089043550
7089049259
7089047114
7089045907
7089049385
7089041616
7089041079
7089048107
7089042139
7089040361
7089046584
7089042922
7089046828
7089048410
7089046127
7089044832
7089048205
7089048006
7089047802
7089041106
7089042673
7089045279
7089042059
7089043102
7089041672
7089044488
7089041791
7089047871
7089040337
7089046420
7089040513
7089042721
7089043509
7089044610
7089048132
7089048093
7089041224
7089042839
7089047886
7089047638
7089047761
7089049990
7089047026
7089046654
7089042693
7089044637
7089041350
7089049093
7089041290
7089046099
7089048002
7089040474
7089042831
7089049723
7089041842
7089042148
7089046261
7089045434
7089044932
7089046537
7089046673
7089047955
7089044257
7089043260
7089040647
7089043844
7089041690
7089044192
7089042453
7089047626
7089041085
7089043790
7089046498
7089048138
7089048674
7089043431
7089044230
7089041015
7089044811
7089044273
7089047359
7089044742
7089045008
7089049317
7089049748
7089048461
7089045685
7089044342
7089049294
7089043082
7089048610
7089044621
7089043023
7089040671
7089049121
7089041268
7089043837
7089045696
7089040568
7089043356
7089044455
7089044130
7089044708
7089041875
7089045493
7089044679
7089042285
7089044806
7089047530
7089040763
7089041675
7089040792
7089046002
7089049053
7089040435
7089049059
7089040573
7089040404
7089047115
7089048897
7089041682
7089048766
7089048259
7089049263
7089046214
7089048477
7089040274
7089041528
7089045561
7089044275
7089044851
7089045354
7089040634
7089042005
7089049052
7089042399
7089041259
7089047067
7089049342
7089040790
7089042396
7089041815
7089045769
7089048235
7089041611
7089040595
7089045019
7089043423
7089044682
7089044630
7089045982
7089044904
7089040100
7089049310
7089042828
7089047432
7089048145
7089040563
7089049747
7089041634
7089047024
7089047901
7089041673
7089042186
7089045636
7089041442
7089044527
7089044415
7089049576
7089042209
7089042550
7089040133
7089047875
7089047307
7089045111
7089043769
7089045765
7089041360
7089049924
7089045352
7089049771
7089049275
7089042199
7089041947
7089041807
7089046100
7089046353
7089047660
7089040286
7089048653
7089042471
7089048768
7089040566
7089047493
7089049222
7089044826
7089041906
7089045328
7089045426
7089046279
7089045558
7089049238
7089040974
7089041006
7089042672
7089047998
7089049815
7089044673
7089048617
7089040263
7089042398
7089041197
7089049921
7089046459
7089045543
7089046374
7089041334
7089049770
7089043629
7089042794
7089040250
7089043881
7089042450
7089047840
7089040377
7089041383
7089043180
7089048555
7089046690
7089043179
7089045195
7089047363
7089041291
7089049505
7089046468
7089040493
7089040711
7089044392
7089048865
7089041506
7089043808
7089047406
7089044752
7089045764
7089046767
7089049264
7089044142
7089044726
7089040282
7089040460
7089044141
7089047130
7089048303
7089049564
7089042397
7089044987
7089046669
7089048852
7089049525
7089045457
7089040975
7089040302
7089045126
7089048995
7089043409
7089046579
7089045825
7089049793
7089049588
7089046559
7089045834
7089044855
7089047779
7089049745
7089044343
7089041152
7089047542
7089046430
7089045552
7089045699
7089044831
7089040157
7089049462
7089049646
7089047341
7089041041
7089048433
7089046493
7089043909
7089040959
7089044481
7089044753
7089042188
7089049114
7089049237
7089046667
7089045922
7089046997
7089040236
7089044211
7089041479
7089044292
7089048434
7089049500
7089040795
7089041822
7089044358
7089047848
7089043910
7089040696
7089044688
7089042568
7089043721
7089040799
7089046516
7089043814
7089043491
7089042724
7089042181
7089041265
7089040464
7089042086
7089049460
7089040049
7089049207
7089043305
7089049797
7089043242
7089048982
7089049845
7089042808
7089042538
7089044638
7089044037
7089047866
7089048978
7089048827
7089040207
7089045064
7089049926
7089044205
7089044156
7089045807
7089049835
7089041483
7089040476
7089041795
7089043882
7089047920
7089042483
7089040797
7089047413
7089046254
7089048950
7089041721
7089047101
7089046012
7089041769
7089042565
7089048642
7089044330
7089049730
7089049402
7089048782
7089046741
7089042866
7089047649
7089049821
7089040375
7089047373
7089041501
7089040154
7089041440
7089045286
7089045846
7089040090
7089045250
7089044184
7089049283
7089046699
7089041142
7089049686
7089045215
7089043000
7089043719
7089044508
7089049261
7089040490
7089048279
7089043999
7089048711
7089040607
7089040798
7089049441
7089044765
7089040507
7089046985
7089043531
7089040960
7089048071
7089046212
7089049574
7089040000
7089043572
7089041113
7089049349
7089040878
7089040127
7089044908
7089045932
7089041751
7089047420
7089045995
7089040809
7089049051
7089047149
7089042321
7089042618
7089048895
7089046827
7089049968
7089046545
7089045530
7089044573
7089046687
7089048581
7089044666
7089046313
7089048848
7089041282
7089044388
7089044497
7089043089
7089045722
7089045979
7089047680
7089046572
7089046881
7089045456
7089041114
7089046971
7089044537
7089041893
7089045930
7089043425
7089040067
7089047220
7089041502
7089049175
7089047471
7089048161
7089043159
7089042975
7089049883
7089042999
7089041826
7089044535
7089045588
7089044390
7089040986
7089043530
7089041030
7089044866
7089047855
7089044260
7089042525
7089041173
7089043880
7089040922
7089040971
7089042129
7089041060
7089048884
7089044176
7089043482
7089047483
7089041223
7089042478
7089043548
7089044675
7089043749
7089047448
7089042801
7089048316
7089047525
7089043774
7089044089
7089043378
7089049900
7089044110
7089041153
7089047684
7089042246
7089046832
7089043815
7089041737
7089045402
7089049156
7089048872
7089049450
7089046060
7089041313
7089041561
7089043794
7089048294
7089046905
7089043998
7089040752
7089041426
7089044380
7089045358
7089048179
7089044660
7089043354
7089048297
7089045862
7089041919
7089042329
7089049869
7089046488
7089045955
7089042394
7089041768
7089048153
7089041925
7089041351
7089047102
7089048285
7089042545
7089041881
7089045601
7089045542
7089049158
7089045868
7089048499
7089044058
7089047811
7089049040
7089042887
7089048824
7089044803
7089049405
7089049069
7089042567
7089040218
7089047116
7089046383
7089046090
7089047678
7089042768
7089046722
7089040533
7089045211
7089040748
7089046269
7089045093
7089042600
7089045976
7089046225
7089040867
7089044316
7089044018
7089043636
7089047928
7089044400
7089041785
7089044939
7089048078
7089046733
7089040407
7089047824
7089044007
7089048658
7089042373
7089040425
7089045818
7089048068
7089042606
7089041103
7089043223
7089044288
7089043524
7089041277
7089041019
7089046730
7089041569
7089045899
7089041466
7089048504
7089044218
7089047631
7089044252
7089040253
7089047056
7089044899
7089048225
7089048356
7089041625
7089041462
7089044011
7089046287
7089049041
7089048133
7089041996
7089047453
7089041188
7089046018
7089040669
7089045531
7089047899
7089041148
7089045581
7089042019
7089042960
7089043610
7089043401
7089043376
7089047903
7089045355
7089041036
7089045962
7089049626
7089042602
7089046622
7089044699
7089043068
7089042386
7089046165
7089045431
7089049637
7089043227
7089042807
7089047784
7089046666
7089042906
7089047999
7089045604
7089046339
7089045133
7089047898
7089047383
7089047600
7089042872
7089040239
7089048737
7089044549
7089048398
7089043254
7089046796
7089048722
7089046794
7089046830
7089046732
7089048163
7089040161
7089048359
7089047575
7089047755
7089043313
7089047321
7089042926
7089045939
7089048662
7089040920
7089042812
7089044372
7089043307
7089041315
7089042881
7089045944
7089047776
7089048858
7089044678
7089045256
7089044989
7089046970
7089044290
7089047213
7089047087
7089043832
7089046442
7089041663
7089041401
7089044015
7089041965
7089042765
7089048437
7089048403
7089048576
7089045828
7089046356
7089047715
7089047168
7089046886
7089044411
7089042512
7089040615
7089040494
7089044350
7089042534
7089042461
7089044963
7089045730
7089041907
7089040331
7089040063
7089040271
7089040107
7089047475
7089046333
7089046166
7089040334
7089042169
7089042643
7089048291
7089048249
7089043906
7089042091
7089048232
7089041541
7089040802
7089041367
7089044545
7089044526
7089042737
7089046428
7089048363
7089047089
7089047317
7089049152
7089043352
7089040469
7089048496
7089044791
7089046814
7089043414
7089040189
7089047490
7089047679
7089049453
7089044240
7089043398
7089044052
7089046303
7089049086
7089045130
7089047117
7089041997
7089044583
7089042596
7089047801
7089047141
7089047505
7089047008
7089048274
7089048208
7089049365
7089040385
7089045278
7089040989
7089041896
7089043460
7089044152
7089046705
7089048871
7089047047
7089048587
7089047411
7089047520
7089046923
7089044201
7089042670
7089042738
7089047618
7089047868
7089048507
7089045931
7089043659
7089045800
7089048679
7089045956
7089043416
7089049012
7089047113
7089043686
7089047227
7089048198
7089042923
7089041735
7089046880
7089044458
7089047833
7089040213
7089045105
7089044659
7089044221
7089046483
7089043689
7089041250
7089049640
7089040438
7089041714
7089041787
7089048104
7089049543
7089041977
7089041838
7089047552
7089048492
7089041548
7089047662
7089041612
7089040031
7089041507
7089043060
7089044818
7089041302
7089043065
7089041029
7089045191
7089047756
7089042622
7089044029
7089048108
7089040958
7089040554
7089040888
7089044308
7089041653
7089048087
7089044490
7089047885
7089046682
7089045420
7089042554
7089042527
7089042720
7089049977
7089047614
7089046087
7089046736
7089040961
7089041028
7089048818
7089041879
7089048655
7089045863
7089045161
7089049579
7089046169
7089048318
7089047077
7089043486
7089041758
7089046689
7089045213
7089045216
7089042845
7089045208
7089041814
7089044178
7089046871
7089040382
7089042422
7089049790
7089046228
7089045902
7089042044
7089045519
7089040175
7089046849
7089046422
7089046781
7089042809
7089044523
7089049438
7089040891
7089041094
7089043709
7089043902
7089043219
7089045270
7089045847
7089049519
7089043325
7089040773
7089042952
7089040720
7089041603
7089047416
7089044901
7089041573
7089041294
7089040964
7089043912
7089045606
7089040962
7089044193
7089046152
7089048200
7089048992
7089040102
7089043732
7089048761
7089047482
7089040160
7089040147
7089043961
7089041693
7089043581
7089042348
7089046625
7089049809
7089049688
7089049023
7089044881
7089041711
7089043452
7089045090
7089045903
7089042930
7089047497
7089049274
7089046573
7089044397
7089048339
7089049373
7089047345
7089045300
7089045078
7089049547
7089046097
7089045997
7089045359
7089041944
7089041951
7089049029
7089040152
7089044138
7089042974
7089045222
7089042104
7089041369
7089048631
7089045245
7089047049
7089040832
7089046512
7089048233
7089043857
7089042837
7089043228
7089048742
7089048831
7089042890
7089047621
7089049597
7089043167
7089041257
7089042346
7089047370
7089047450
7089045344
7089044371
7089041180
7089048324
7089047867
7089044586
7089043513
7089046895
7089046194
7089049610
7089040924
7089049496
7089045106
7089043624
7089046974
7089045641
7089044787
7089047917
7089045670
7089046677
7089045785
7089048212
7089048273
7089048695
7089041295
7089046710
7089041488
7089042441
7089045342
7089043866
7089047512
7089046967
7089042743
7089046762
7089041166
7089044329
7089046000
7089047907
7089043937
7089044882
7089043450
7089046265
7089040086
7089045733
7089046197
7089046910
7089047519
7089043633
7089045510
7089043197
7089041335
7089044994
7089043699
7089045436
7089048798
7089046455
7089044479
7089047757
7089049812
7089047919
7089048606
7089046562
7089048288
7089040601
7089040934
7089047961
7089046959
7089046509
7089045856
7089040233
7089046391
7089042174
7089040442
7089041278
7089049475
7089048619
7089046517
7089041495
7089047368
7089041469
7089047790
7089041331
7089045423
7089040350
7089049162
7089040652
7089044719
7089042639
7089047548
7089045305
7089041262
7089047546
7089043811
7089046936
7089048913
7089045331
7089041187
7089044265
7089040088
7089047195
7089044879
7089045041
7089044692
7089040808
7089042715
7089047027
7089048109
7089048315
7089040694
7089044164
7089048708
7089043776
7089046140
7089041988
7089041916
7089043145
7089046698
7089043869
7089049665
7089044059
7089040766
7089040599
7089041493
7089040544
7089043692
7089040368
7089043116
7089046915
7089043437
7089045282
7089041618
7089045517
7089045427
7089046564
7089047132
7089046626
7089044843
7089047984
7089044158
7089048381
7089040480
7089047206
7089045683
7089049163
7089047872
7089044512
7089048941
7089040953
7089041011
7089046590
7089043075
7089040841
7089048468
7089047705
7089048033
7089049980
7089043274
7089043984
7089049568
7089047243
7089048121
7089042978
7089049896
7089048944
7089047284
7089049967
7089043139
7089048912
7089047210
7089049045
7089040007
7089040380
7089041830
7089040294
7089041332
7089045450
7089041075
7089045717
7089042825
7089043957
7089041849
7089044559
7089041811
7089041494
7089047476
7089042694
7089041897
7089040788
7089045925
7089045892
7089049273
7089042124
7089048306
7089048893
7089042793
7089044907
7089043041
7089044086
7089042817
7089043705
7089041834
7089041404
7089044389
7089049122
7089043098
7089048600
7089047097
7089044957
7089041978
7089043214
7089047941
7089048395
7089047316
7089043149
7089043908
7089043199
7089045390
7089047294
7089042540
7089045973
7089048914
7089042712
7089047616
7089040070
7089041246
7089042190
7089040842
7089047050
7089044465
7089044313
7089046595
7089047248
7089040941
7089044754
7089049959
7089047601
7089046538
7089041699
7089042203
7089043148
7089044118
7089049278
7089041354
7089040221
7089046016
7089046833
7089041324
7089042564
7089044486
7089047806
7089045843
7089042443
7089041745
7089048721
7089046856
7089042751
7089045936
7089049599
7089043472
7089048666
7089048553
7089045908
7089040555
7089046486
7089049832
7089046053
7089049355
7089043118
7089045784
7089048797
7089049506
7089041866
7089049692
7089047943
7089040293
7089040848
7089044534
7089043451
7089043343
7089042519
7089041867
7089046319
7089045533
7089043050
7089046696
7089043233
7089043993
7089044902
7089041399
7089047061
7089048323
7089047466
7089045529
7089045134
7089048756
7089042821
7089043353
7089048481
7089046840
7089047537
7089044081
7089043115
7089044759
7089045591
7089045527
7089045933
7089044748
7089045031
7089043853
7089046295
7089047962
7089049786
7089043380
7089047068
7089047035
7089048740
7089040143
7089045954
7089043252
7089048135
7089046478
7089040173
7089047674
7089046937
7089040204
7089045088
7089048432
7089049516
7089040589
7089041486
7089042755
7089043088
7089040269
7089048280
7089040822
7089048949
7089049417
7089044848
7089040400
7089043994
7089046355
7089040853
7089048409
7089040705
7089042264
7089045983
7089046932
7089049718
7089047484
7089043751
7089044247
7089046726
7089042904
7089048728
7089048902
7089044331
7089042862
7089040779
7089041054
7089045082
7089045463
7089043056
7089042138
7089040750
7089044590
7089048371
7089048784
7089043599
7089047727
7089049587
7089047979
7089042918
7089049876
7089048638
7089042121
7089045494
7089046220
7089047568
7089047938
7089044385
7089044006
7089044669
7089049714
7089043267
7089048230
7089047108
7089040004
7089045172
7089042771
7089045153
7089048908
7089045264
7089045138
7089046652
7089048785
7089040203
7089043477
7089043512
7089048352
7089044268
7089041321
7089048608
7089046484
7089043135
7089045916
7089040396
7089047590
7089049872
7089046186
7089044284
7089049101
7089048573
7089046243
7089044030
7089042342
7089044946
7089042677
7089048981
7089040994
7089044505
7089045709
7089044310
7089043067
7089042692
7089043234
7089042883
7089044873
7089046230
7089047598
7089044324
7089045703
7089047412
7089048954
7089043002
7089041872
7089043185
7089048333
7089046183
7089045790
7089048753
7089048008
7089044263
7089043095
7089043357
7089049323
7089046864
7089047472
7089047395
7089042274
7089044883
7089041755
7089045371
7089040406
7089040402
7089043620
7089045926
7089042706
7089040381
7089048781
7089043605
7089041025
7089046865
7089048238
7089043955
7089042742
7089046836
7089041003
7089047417
7089046660
7089049548
7089049631
7089049836
7089042324
7089041520
7089043035
7089047265
7089043950
7089047289
7089045721
7089048546
7089048634
7089049852
7089042326
7089045407
7089046196
7089042191
7089040108
7089049830
7089043842
7089044797
7089040838
7089046267
7089040511
7089041237
7089049890
7089040479
7089049502
7089048044
7089048771
7089046837
7089040082
7089047009
7089041809
7089043625
7089049228
7089042049
7089048350
7089044864
7089045184
7089041181
7089044884
7089048206
7089045366
7089048239
7089046400
7089045619
7089040332
7089041549
7089042359
7089048012
7089049976
7089047326
7089048535
7089042479
7089047985
7089049973
7089043051
7089043375
7089040596
7089049468
7089043977
7089045040
7089048411
7089043435
7089041991
7089042685
7089044604
7089043854
7089040540
7089049798
7089040956
7089041105
7089048013
7089047991
7089045053
7089047313
7089048450
7089049327
7089046909
7089044900
7089048644
7089047922
7089042164
7089046585
7089046606
7089047267
7089046416
7089046812
7089043637
7089043535
7089047716
7089041005
7089042185
7089048795
7089048843
7089043282
7089045365
7089049366
7089041359
7089047937
7089045857
7089044646
7089046763
7089049964
7089042244
7089049606
7089043634
7089049933
7089049279
7089049541
7089044439
7089047429
7089048167
7089042977
7089048275
7089049347
7089045864
7089045520
7089042979
7089046325
7089048347
7089047764
7089043488
7089048751
7089045094
7089049598
7089046662
7089049472
7089045757
7089045640
7089046496
7089040061
7089040498
7089043302
7089045014
7089043040
7089048042
7089040285
7089046874
7089041509
7089046393
7089041521
7089045076
7089047930
7089047817
7089046277
7089047815
7089048287
7089043559
7089047529
7089048322
7089047560
7089048254
7089044608
7089048052
7089046292
7089040628
7089048195
7089046329
7089043257
7089045244
7089043580
7089043467
7089043730
7089045000
7089045631
7089040359
7089040241
7089047691
7089045312
7089043358
7089045429
7089042301
7089043834
7089045719
7089049456
7089047752
7089044341
7089045754
7089048837
7089047003
7089041251
7089043597
7089046989
7089041176
7089045242
7089044106
7089040666
7089042254
7089049221
7089048276
7089047561
7089044601
7089044098
7089045238
7089045338
7089041312
7089046953
7089048943
7089044689
7089047240
7089042619
7089049173
7089046491
7089044510
7089046015
7089042404
7089042641
7089049148
7089041863
7089044880
7089045855
7089042302
7089048096
7089041108
7089049400
7089045748
7089048847
7089040597
7089044000
7089046647
7089044522
7089048716
7089043360
7089042601
7089046367
7089046270
7089048749
7089041515
7089049476
7089049130
7089045589
7089048021
7089045749
7089047972
7089040836
7089043366
7089043696
7089043518
7089044986
7089049384
7089048774
7089040637
7089044750
7089041873
7089043092
7089046926
7089042151
7089041492
7089040017
7089048053
7089041167
7089044352
7089049641
7089040667
7089040191
7089040567
7089045381
7089048130
7089044716
7089040510
7089043952
7089045521
7089041500
7089046174
7089046863
7089044031
7089041995
7089043010
7089045466
7089047301
7089044080
7089048934
7089041945
7089043496
7089041457
7089046030
7089044154
7089045387
7089041071
7089047362
7089045171
7089048190
7089049600
7089045900
7089045284
7089048389
7089042362
7089045996
7089046377
7089045230
7089048141
7089047620
7089044095
7089045515
7089043754
7089044374
7089046785
7089049375
7089042350
7089048805
7089046330
7089042206
7089046681
7089040679
7089048796
7089040225
7089046818
7089042153
7089041288
7089048430
7089042236
7089048048
7089040066
7089049160
7089041274
7089047589
7089043420
7089049067
7089046436
7089047485
7089045224
7089040501
7089047996
7089041001
7089041283
7089043220
7089047820
7089046069
7089042752
7089046686
7089047825
7089048049
7089046206
7089048329
7089044177
7089047403
7089049193
7089045905
7089042575
7089040907
7089042381
7089046978
7089046448
7089044326
7089048516
7089046412
7089047944
7089045332
7089041451
7089049451
7089045409
7089040260
7089046215
7089048778
7089041671
7089049648
7089049710
7089040124
7089047069
7089049316
7089043743
7089043638
7089042912
7089044850
7089043946
7089041193
7089041975
7089049844
7089040692
7089049144
7089042446
7089045241
7089049194
7089041141
7089045767
7089047723
7089046929
7089040700
7089040940
7089042437
7089042172
7089040859
7089048962
7089048445
7089042013
7089041674
7089048739
7089048489
7089048826
7089045273
7089043826
7089043237
7089041899
7089049172
7089040810
7089048427
7089048527
7089047668
7089040590
7089049856
7089047150
7089045477
7089044009
7089044798
7089041293
7089044198
7089040794
7089040519
7089044283
7089049010
7089041642
7089049699
7089048984
7089043825
7089045046
7089047865
7089042039
7089043841
7089040500
7089041765
7089043311
7089043371
7089047098
7089045603
7089042146
7089044293
7089041638
7089043490
7089043296
7089046096
7089041613
7089043575
7089043316
7089048313
7089042546
7089045514
7089042659
7089043471
7089040856
7089042733
7089040982
7089044918
7089048115
7089042796
7089048278
7089041792
7089042292
7089045292
7089047551
7089049102
7089044667
7089047354
7089048253
7089046446
7089043979
7089045963
7089047960
7089048544
7089040862
7089047884
7089044543
7089044633
7089043635
7089045209
7089046379
7089045323
7089040098
7089047112
7089046118
7089044743
7089046555
7089049348
7089045827
7089048597
7089043030
7089043706
7089042451
7089048401
7089045491
7089045419
7089042856
7089045597
7089041048
7089040347
7089040315
7089045481
7089040202
7089043163
7089044312
7089046342
7089045337
7089043712
7089042943
7089044203
7089047821
7089041517
7089045280
7089043272
7089044484
7089046047
7089040325
7089040436
7089046860
7089044416
7089047389
7089044368
7089046233
7089045317
7089048266
7089049186
7089045107
7089045580
7089047159
7089044269
7089044541
7089042655
7089045197
7089041027
7089044681
7089041681
7089047404
7089048183
7089042137
7089041816
7089048970
7089042027
7089041728
7089040057
7089049619
7089047728
7089045676
7089042820
7089046783
7089046394
7089041437
7089042410
7089042445
7089046299
7089040945
7089041779
7089041362
7089040786
7089046180
7089047835
7089047486
7089045458
7089049729
7089043207
7089044516
7089044800
7089049966
7089048482
7089047415
7089042804
7089043762
7089043463
7089047741
7089046434
7089042651
7089047386
7089046963
7089045656
7089047421
7089041590
7089042257
7089044175
7089046809
7089044728
7089045289
7089043315
7089047521
7089042052
7089045937
7089049394
7089041211
7089046255
7089046672
7089044653
7089041430
7089044494
7089040672
7089041571
7089048270
7089045768
7089043567
7089040420
7089045502
7089043246
7089048864
7089046712
7089044303
7089045613
7089044997
7089042235
7089040876
7089048004
7089048444
7089041022
7089044425
7089043426
7089042739
7089043820
7089048760
7089040352
7089042448
7089048157
7089045702
7089045569
7089048113
7089047488
7089049063
7089046891
7089049242
7089041833
7089046423
7089044055
7089040787
7089041560
7089047309
7089041389
7089049907
7089044181
7089043560
7089043058
7089045170
7089047712
7089046381
7089045439
7089048091
7089043166
7089047120
7089044751
7089040517
7089049888
7089049590
7089046789
7089045804
7089041827
7089042327
7089041021
7089046637
7089047946
7089041091
7089046807
7089040504
7089045066
7089044274
7089049321
7089046803
7089041623
7089042194
7089043552
7089044435
7089048057
7089041532
7089044804
7089044744
7089045156
7089045442
7089040743
7089044366
7089046695
7089045307
7089042290
7089040583
7089040418
7089045212
7089040625
7089045382
7089046013
7089047923
7089047325
7089042460
7089042552
7089042082
7089043876
7089048404
7089048302
7089047658
7089048088
7089045970
7089044816
7089046522
7089041601
7089045035
7089046799
7089044830
7089040605
7089041422
7089042981
7089046263
7089046679
7089043748
7089043920
7089045108
7089040488
7089048539
7089040651
7089044854
7089042959
7089048251
7089047959
7089049314
7089047095
7089049109
7089047921
7089046657
7089048223
7089040055
7089048958
7089042418
7089040774
7089048343
7089040935
7089049805
7089048196
7089044647
7089040852
7089040065
7089043404
7089049503
7089044245
7089043011
7089045871
7089041629
7089043399
7089042778
7089042767
7089040520
7089047322
7089049180
7089045007
7089045796
7089043707
7089048745
7089047528
7089049988
7089048936
7089040011
7089049683
7089044889
7089040414
7089045816
7089049363
7089041810
7089041134
7089043822
7089046846
7089049028
7089043603
7089043025
7089047382
7089044894
7089042896
7089048762
7089040823
7089047441
7089040587
7089049256
7089047436
7089048097
7089048197
7089048863
7089040379
7089049942
7089041447
7089048966
7089049788
7089041538
7089043421
7089045984
7089045334
7089045771
7089043670
7089043191
7089040020
7089041405
7089046885
7089042391
7089040923
7089042750
7089046011
7089040256
7089045173
7089048286
7089049918
7089041377
7089043807
7089047387
7089049974
7089047131
7089047302
7089041376
7089042773
7089046582
7089042178
7089044083
7089045688
7089049722
7089049192
7089041819
7089040529
7089047747
7089040074
7089047323
7089046609
7089049787
7089047703
7089049490
7089049391
7089048513
7089049398
7089047758
7089049019
7089046106
7089040523
7089040106
7089047259
7089043966
7089044542
7089046684
7089047272
7089044768
7089047428
7089044224
7089045867
7089045817
7089044587
7089048641
7089043571
7089041474
7089042036
7089043536
7089042844
7089043701
7089048538
7089041887
7089043588
7089049495
7089041953
7089047578
7089046411
7089047964
7089043913
7089047896
7089046022
7089049258
7089049627
7089047165
7089040943
7089046081
7089045319
7089046515
7089043612
7089042379
7089047992
7089047874
7089048331
7089049949
7089049096
7089041964
7089049244
7089047714
7089041952
7089043886
7089040170
7089044281
7089046109
7089049444
7089042769
7089046012
7089045752
7089048945
7089040921
7089043641
7089040609
7089040619
7089043054
7089047384
7089042018
7089045783
7089045018
7089049697
7089049806
7089048061
7089045174
7089047583
7089047230
7089042337
7089048387
7089047171
7089046913
7089041058
7089040222
7089044532
7089048494
7089043256
7089044720
7089045259
7089045988
7089046316
7089049266
7089048184
7089047515
7089046540
7089040392
7089049666
7089043386
7089046510
7089046873
7089049030
7089048474
7089043080
7089040505
7089049767
7089046636
7089042125
7089047151
7089043537
7089049554
7089047549
7089045545
7089045207
7089045762
7089041047
7089044739
7089045876
7089042878
7089048813
7089045410
7089047179
7089040447
7089045411
7089048397
7089042722
7089044794
7089047201
7089049870
7089044197
7089043864
7089042468
7089049085
7089043756
7089042136
7089046982
7089041503
7089046456
7089040811
7089045261
7089048228
7089048495
7089042666
7089047135
7089041112
7089040247
7089048930
7089046190
7089046305
7089045225
7089040814
7089049583
7089044757
7089048418
7089042780
7089045063
7089040912
7089044444
7089047058
7089040200
7089041922
7089047335
7089043099
7089046940
7089047407
7089046273
7089047829
7089049393
7089047424
7089045330
7089042842
7089046824
7089047039
7089048143
7089045268
7089046563
7089042105
7089043519
7089049301
7089043136
7089047185
7089041654
7089041738
7089044057
7089043290
7089049065
7089047931
7089044360
7089045271
7089047256
7089046605
7089044784
7089043284
7089043331
7089048586
7089044047
7089040526
7089041923
7089048262
7089040217
7089041757
7089044991
7089048540
7089044582
7089047207
7089044117
7089048856
7089048510
7089042719
7089044641
7089040073
7089045823
7089042511
7089045686
7089044853
7089042783
7089049170
7089046782
7089043349
7089049947
7089043044
7089045647
7089040660
7089049419
7089046001
7089042860
7089048835
7089042983
7089042161
7089047773
7089043370
7089045753
7089043096
7089043479
7089045438
7089047172
7089042173
7089042826
7089041732
7089043217
7089047986
7089043944
7089040134
7089049651
7089045708
7089046704
7089042057
7089041150
7089049497
7089049768
7089045910
7089043963
7089047978
7089040151
7089042338
7089046701
7089044856
7089040950
7089047635
7089047045
7089045190
7089049482
7089047554
7089045132
7089047534
7089049403
7089044103
7089046034
7089047414
7089046972
7089043301
7089043522
7089043630
7089042464
7089043985
7089040330
7089045141
7089047605
7089049542
7089044440
7089044234
7089042843
7089045314
7089045474
7089041894
7089044645
7089045779
7089043327
7089046975
7089040206
7089046648
7089044560
7089048764
7089042202
7089043528
7089044403
7089042799
7089045262
7089040112
7089049780
7089047030
7089044454
7089046691
7089047841
7089045006
7089046219
7089046548
7089045617
7089042047
7089041912
7089040881
7089049673
7089042779
7089044336
7089048601
7089047708
7089043981
7089042814
7089049246
7089044295
7089041775
7089049705
7089041797
7089049930
7089042650
7089046748
7089045674
7089047066
7089047670
7089046020
7089044217
7089048469
7089046743
7089047562
7089049446
7089048358
7089043648
7089046202
7089045873
7089040114
7089049511
7089042728
7089047070
7089042155
7089048531
7089047377
7089041171
7089041299
7089045919
7089046272
7089049136
7089045572
7089040071
7089042703
7089040287
7089042760
7089043554
7089045879
7089048292
7089040228
7089041261
7089045975
7089045713
7089049952
7089045127
7089048915
7089049566
7089046779
7089043561
7089046232
7089042549
7089041044
7089048203
7089040759
7089045186
7089049388
7089042645
7089045632
7089042480
7089040193
7089042988
7089047982
7089044451
7089049306
7089041659
7089048377
7089047059
7089042514
7089047584
7089045246
7089045033
7089040829
7089041715
7089044570
7089044619
7089049097
7089045792
7089047826
7089046216
7089040916
7089040639
7089043442
7089046603
7089048850
7089040789
7089041319
7089044658
7089043128
7089044417
7089042207
7089046013
7089044396
7089042307
7089041064
7089046187
7089044615
7089043079
7089040251
7089045479
7089040434
7089042587
7089043923
7089047080
7089040685
7089040029
7089048320
7089046236
7089041465
7089049068
7089043134
7089047174
7089042833
7089048951
7089040712
7089049174
7089045085
7089045283
7089040633
7089049553
7089040851
7089045657
7089049267
7089045373
7089046976
7089041877
7089041736
7089045528
7089045945
7089042611
7089043498
7089041518
7089043389
7089048787
7089049569
7089049939
7089044773
7089044050
7089045100
7089040885
7089048963
7089049431
7089047796
7089041746
7089047983
7089048172
7089046368
7089041645
7089047002
7089040471
7089046318
7089040413
7089045443
7089046224
7089045565
7089045904
7089040542
7089041149
7089044509
7089046101
7089043279
7089040369
7089046472
7089048050
7089040319
7089048289
7089049057
7089046426
7089045701
7089048783
7089047154
7089045104
7089046977
7089040431
7089040317
7089040169
7089042990
7089045833
7089040443
7089044507
7089043074
7089044958
7089047082
7089042193
7089042616
7089041205
7089047945
7089045482
7089042166
7089046641
7089047088
7089041930
7089041049
7089041386
7089048408
7089049991
7089044153
7089045080
7089041489
7089040456
7089040594
7089043033
7089048591
7089042686
7089040174
7089045608
7089048325
7089049521
7089043318
7089041940
7089042037
7089048842
7089040688
7089047481
7089048299
7089040883
7089043690
7089044023
7089048415
7089041057
7089040895
7089046843
7089044369
7089046655
7089049885
7089045652
7089045236
7089049190
7089040266
7089045957
7089045001
7089043247
7089043647
7089048921
7089049970
7089046651
7089041565
7089046427
7089041999
7089042956
7089049867
7089043362
7089042127
7089048841
7089045654
7089048876
7089041535
7089042303
7089041190
7089042874
7089040150
7089049415
7089040704
7089042050
7089045294
7089045421
7089047025
7089043676
7089043849
7089049657
